NC_001133.9
1 27090
160239 166168
198601 206580
223611 230218
NC_001134.8
197156 197367
221037 226842
427718 429567
643489 643864
NC_001135.5
148615 151669
168601 168939
200104 200850
307848 316620
NC_001136.10
513259 513602
513689 520818
521270 535081
645241 645521
651419 651509
668091 668436
802914 805524
1525207 1531933
NC_001137.3
1 6792
14678 15000
249930 250275
354204 354730
431490 431827
449321 449635
NC_001138.5
138452 143871
NC_001139.9
1 145
NC_001140.6
1 11891
85386 92127
92299 94981
116425 116761
NC_001141.2
196654 197029
205219 210306
246215 246552
439819 439888
NC_001142.9
1 60
197545 203397
203769 204114
538103 538439
540924 541427
NC_001143.9
666444 666816
NC_001144.5
7425 7659
11196 16488
215074 221004
472318 481897
650824 656748
NC_001145.3
1 5536
184170 190088
199731 202178
357006 362924
372673 378621
768548 768884
808537 809183
NC_001146.8
765399 784333
NC_001147.6
117698 118020
123291 123628
594723 600402
NC_001148.4
1 7419
850634 856564
NC_001224.1
1 33182
50501 85779
